1,734,711,781,410,358,306,423,379,381,590
2,367,427,624,423,321,327,251,329,455,310
3,631,381,824,259,361,252,253,477,290,450
4,528,474,411,359,445,291,211,296,533,369
5,575,736,607,367,303,451,352,397,319,581
6,620,829,548,358,274,211,338,429,341,320
7,380,697,545,340,378,289,318,575,597,466
8,724,632,375,426,308,255,298,571,591,290
9,398,485,732,204,289,212,259,327,542,287
10,833,626,551,415,257,444,378,511,457,533
11,444,783,478,240,359,225,283,515,527,541
12,566,625,362,452,352,232,314,561,517,512
13,802,467,497,304,268,240,371,421,510,481
14,542,744,423,320,407,198,289,441,565,267
15,774,828,774,203,433,206,244,506,401,435
16,786,728,624,211,242,460,287,280,535,451
17,655,519,656,294,438,351,340,270,298,544
18,804,474,416,203,392,448,337,424,496,323
19,414,700,392,398,431,337,250,567,479,557
20,447,587,433,371,387,439,365,285,427,571
21,748,566,446,305,344,251,440,281,375,550
22,378,613,383,434,296,425,458,310,300,578
23,419,820,685,425,394,449,302,495,285,576
24,732,417,600,308,449,422,246,556,323,481
25,668,401,763,324,233,377,438,502,401,351
26,715,467,642,234,405,359,269,599,528,511
27,790,479,710,417,401,357,262,358,518,358
28,375,756,535,446,316,442,442,586,360,362
29,440,600,695,446,223,300,206,484,356,390
30,687,765,545,223,395,298,428,567,581,534
31,817,421,808,273,215,277,420,370,404,538
32,373,830,541,355,352,264,454,265,447,440
33,787,749,763,376,395,386,349,535,447,511
34,491,374,824,232,315,231,457,430,280,519
35,535,777,396,246,425,233,337,570,314,311
36,636,515,736,444,408,218,265,558,465,369
37,750,515,719,355,345,459,382,367,277,581
38,491,552,617,312,377,216,276,403,477,305
39,770,400,831,354,337,260,399,432,266,570
40,496,793,789,288,397,349,289,401,580,489
41,463,507,617,355,433,223,227,569,403,325
42,819,721,787,376,383,442,228,263,375,500
43,384,439,516,199,361,451,343,591,501,523
44,769,585,380,235,247,358,410,504,421,279
45,747,547,573,347,201,395,355,371,573,440
46,492,770,503,313,442,391,252,275,372,340
47,802,775,573,271,237,333,335,298,496,315
48,535,606,550,365,273,375,282,595,490,462
49,721,474,721,244,420,418,449,376,524,436
50,790,609,406,298,303,240,349,479,379,542
51,594,512,807,365,378,349,360,313,567,493
52,422,813,655,418,199,300,363,259,574,535
53,530,572,827,438,370,202,269,463,321,331
54,660,830,689,368,407,274,332,328,568,592
55,408,381,589,241,267,316,300,301,313,328
56,512,605,517,219,407,377,383,404,286,446
57,809,820,709,424,251,348,445,393,266,424
58,735,747,537,204,229,434,381,587,327,405
59,714,519,546,234,359,299,395,337,363,545
60,825,507,719,428,244,433,437,319,271,300
61,737,401,523,325,458,395,438,537,514,518
62,806,741,595,390,238,406,275,403,394,583
63,650,619,436,340,205,217,452,556,474,389
64,458,403,417,424,238,389,306,404,488,552
65,701,496,748,265,231,343,229,393,320,446
66,553,431,590,338,402,364,439,383,313,506
67,555,445,736,370,327,257,275,462,362,452
68,524,769,531,222,380,245,393,423,378,450
69,755,542,677,451,248,312,348,418,600,425
70,419,564,688,423,294,387,293,352,351,390
71,738,727,687,388,316,404,227,489,309,369
72,731,767,721,417,209,244,227,306,449,409
73,798,696,542,344,228,354,339,384,573,347
74,570,497,489,386,259,449,457,469,536,489
75,363,658,678,327,262,225,312,316,588,349
76,698,414,715,442,395,217,415,272,327,542
77,531,532,551,271,359,212,315,519,391,509
78,374,627,779,266,270,246,247,336,475,379
79,566,630,790,423,337,316,292,558,438,496
80,395,433,763,248,328,356,267,493,359,293
81,557,777,364,305,315,250,461,361,326,439
82,838,540,834,301,421,214,270,413,381,306
83,775,506,752,436,264,315,308,375,260,438
84,640,787,439,245,253,356,224,340,441,467
85,790,473,647,406,388,450,205,533,374,389
86,585,524,541,210,216,398,198,599,514,558
87,699,616,827,437,242,437,229,453,429,351
88,454,529,373,261,441,234,343,319,417,563
89,518,665,376,420,221,226,411,596,549,391
90,686,826,624,385,355,432,405,514,541,266
91,520,415,599,371,296,284,210,539,273,310
92,443,730,498,436,437,333,453,449,489,492
93,799,523,416,357,218,273,413,375,546,445
94,450,578,450,404,314,245,216,502,516,468
95,601,789,424,343,369,313,346,394,449,502
96,591,404,744,257,371,437,454,515,278,362
97,660,423,746,424,255,429,456,327,512,373
98,379,381,585,285,251,244,450,532,391,440
99,409,814,365,404,257,450,224,437,325,277
100,797,622,489,217,237,382,394,409,389,528
101,741,804,713,260,457,265,244,317,580,437
102,785,580,659,337,278,207,305,496,380,318
103,611,417,597,385,275,258,233,542,547,329
104,544,444,465,312,245,363,444,455,373,601
105,661,512,708,332,359,199,209,471,423,360
106,687,677,743,358,403,388,330,285,471,552
107,788,475,837,439,278,289,311,298,281,432
108,430,433,505,421,320,307,344,447,337,556
109,629,571,616,338,346,335,209,599,269,421
110,668,745,391,325,244,409,358,469,264,273
111,398,732,494,394,341,410,338,514,296,402
112,671,598,685,349,199,380,357,262,367,434
113,362,381,564,225,268,239,448,511,368,277
114,530,660,431,225,268,220,215,281,345,268
115,659,415,589,387,316,461,224,422,530,554
116,511,430,740,232,403,303,228,585,449,550
117,624,730,706,251,406,408,248,479,270,343
118,435,700,602,420,290,368,206,480,313,489
119,364,628,502,259,344,390,377,562,544,315
120,581,602,594,425,394,424,349,493,354,547
121,440,717,758,219,333,377,352,345,403,397
122,615,782,454,356,318,422,400,504,336,267
123,600,602,752,307,359,203,207,543,405,440
124,548,453,465,368,235,260,412,271,364,351
125,480,469,546,255,278,269,445,396,353,274
126,758,513,756,292,283,455,261,321,277,347
127,504,617,806,200,386,246,215,290,575,524
128,385,504,676,288,268,442,421,589,434,336
129,724,407,636,312,455,254,433,266,521,268
130,541,407,708,251,213,287,304,503,425,326
131,377,405,443,233,442,433,236,438,417,491
132,589,543,395,200,249,201,291,368,497,374
133,507,630,787,276,277,388,425,379,580,264
134,733,365,361,387,320,448,362,397,454,526
135,404,821,392,217,408,285,362,463,327,442
136,763,727,799,418,304,425,399,343,500,283
137,569,625,431,408,336,288,390,268,351,306
138,638,675,752,346,405,222,358,448,540,553
139,501,707,629,342,390,285,426,404,561,305
140,491,531,477,355,208,461,342,576,319,445
141,717,686,508,268,420,371,383,589,368,344
142,547,669,655,384,394,423,398,412,274,303
143,718,795,755,389,369,357,347,577,321,540
144,388,473,784,299,202,212,389,324,563,358
145,450,771,794,361,230,296,277,519,327,400
146,467,752,571,387,347,458,313,347,363,352
147,430,676,407,204,448,345,396,302,508,477
148,517,470,748,391,418,446,274,370,429,382
149,539,447,578,252,226,239,222,401,287,310
150,372,606,637,215,213,356,387,457,417,496
151,467,475,519,294,431,287,265,395,520,460
152,552,505,784,243,337,359,367,583,463,288
153,589,521,433,198,389,273,242,322,428,265
154,723,606,437,263,330,292,362,469,550,572
155,487,474,541,334,326,460,234,568,399,528
156,360,493,801,379,432,431,437,303,543,449
157,554,748,683,301,380,233,282,454,264,341
158,639,483,544,400,433,336,448,380,316,478
159,802,404,455,317,368,434,454,549,481,585
160,429,750,811,352,350,449,262,500,259,474
161,781,665,401,291,453,245,305,478,564,453
162,538,755,421,219,359,368,382,582,377,375
163,755,367,562,300,268,334,403,264,453,564
164,613,792,402,409,426,430,236,364,471,513
165,643,642,457,444,386,200,457,380,448,502
166,465,710,424,212,358,379,232,268,312,401
167,550,762,787,350,430,225,321,297,278,483
168,778,772,471,293,383,455,408,536,578,375
169,568,576,776,279,401,267,281,580,564,429
170,778,650,544,333,443,229,236,539,570,398
171,482,469,427,394,456,401,348,445,601,598
172,656,613,694,347,338,241,292,512,309,442
173,573,378,462,430,216,247,249,333,431,478
174,373,516,559,269,424,312,358,390,333,465
175,703,401,432,413,350,239,271,452,424,529
176,473,404,823,291,441,295,452,465,495,377
177,607,632,487,233,338,206,273,332,529,386
178,589,761,732,286,458,262,278,362,457,284
179,832,684,496,214,260,283,344,479,262,415
180,588,828,505,458,336,342,255,498,600,260
181,714,782,386,252,228,229,240,291,553,344
182,538,448,656,253,391,290,205,433,552,340
183,556,458,721,419,377,280,387,489,490,423
184,587,413,501,447,452,410,362,335,569,601
185,605,393,545,409,439,367,321,495,277,280
186,674,735,775,429,289,354,378,448,512,504
187,625,733,538,220,311,410,240,550,339,538
188,610,612,703,218,255,276,376,543,300,379
189,713,579,449,417,232,200,258,525,434,294
190,368,565,791,405,241,354,294,326,577,463
191,640,791,551,370,253,198,292,366,398,342
192,489,679,794,362,408,399,366,566,391,322
193,714,694,536,432,345,243,317,529,527,389
194,545,461,827,355,333,380,255,576,420,518
195,473,418,453,310,283,400,420,379,468,283
196,434,561,470,226,441,259,239,499,313,514
197,463,737,646,240,451,355,291,566,375,526
198,537,839,360,242,213,332,232,328,262,490
199,820,677,519,409,367,293,295,485,446,504
200,706,395,810,316,224,277,275,462,592,406
201,397,715,431,325,405,330,438,600,512,479
202,453,708,701,350,406,296,228,486,588,462
203,828,630,383,291,386,454,328,581,339,269
204,763,615,605,438,212,267,249,395,580,349
205,531,467,818,360,364,409,375,350,526,270
206,604,403,576,382,445,399,213,340,496,443
207,813,740,636,252,397,295,363,593,331,347
208,495,543,697,287,329,385,367,357,482,302
209,688,662,662,297,419,240,438,373,526,371
210,729,773,690,368,297,334,370,268,459,542
211,539,574,634,440,334,246,441,283,259,292
212,549,582,589,423,254,210,334,326,353,376
213,442,387,467,343,456,273,301,283,299,478
214,422,510,514,325,350,221,336,362,586,573
215,514,537,762,429,430,203,230,461,350,582
216,438,397,469,198,449,305,426,387,271,531
217,738,587,387,354,278,308,359,498,501,461
218,386,712,470,282,338,310,249,330,413,275
219,460,777,691,359,307,261,284,459,315,483
220,748,456,496,249,206,381,355,401,478,425
221,500,484,637,219,378,248,225,382,458,504
222,490,617,524,457,270,443,273,368,510,491
223,822,779,446,223,440,400,210,489,426,416
224,365,484,370,313,382,214,244,459,315,556
225,772,831,483,289,213,267,347,362,452,335
226,655,600,654,296,232,258,271,296,398,403
227,437,645,526,397,243,390,301,517,449,550
228,737,511,399,214,356,334,296,374,336,303
229,566,477,365,341,252,247,257,493,348,426
230,545,605,487,339,413,420,414,306,353,304
231,418,461,541,241,438,222,226,322,294,412
232,589,744,787,340,201,397,207,529,538,423
233,779,574,833,396,237,451,431,515,331,270
234,577,470,530,284,423,424,451,391,590,516
235,591,454,402,259,453,382,365,482,326,589
236,791,555,820,259,276,355,267,470,483,323
237,412,536,524,339,395,308,456,295,289,294
238,397,803,404,289,330,337,299,328,315,284
239,382,370,756,329,442,216,253,538,542,409
240,826,676,836,310,417,398,228,391,333,505
241,783,637,594,355,395,374,435,499,392,261
242,565,589,690,249,343,408,366,394,534,461
243,770,646,838,292,332,454,316,508,558,480
244,745,690,611,244,260,357,410,398,572,538
245,613,620,807,354,321,238,352,461,458,436
246,524,687,804,384,301,406,363,526,448,370
247,777,743,757,341,440,283,205,555,430,576
248,412,376,820,365,256,303,454,592,293,413
249,445,763,614,338,403,345,350,518,411,422
250,414,773,681,264,268,204,328,416,401,353
251,678,766,646,445,390,445,459,527,351,422
252,364,672,586,413,366,205,409,510,376,315
253,440,633,761,327,435,226,343,465,505,511
254,812,582,655,444,334,229,292,502,313,529
255,507,723,383,395,376,200,423,271,479,601
256,461,619,790,217,400,424,217,393,540,383
257,797,814,412,242,420,460,252,509,294,427
258,642,786,580,395,456,304,291,358,364,404
259,361,592,660,378,201,339,340,282,441,352
260,472,363,632,237,456,294,413,364,263,388
261,775,445,539,251,354,243,322,329,337,357
262,470,663,666,360,236,233,402,597,383,468
263,469,382,751,455,428,392,336,295,315,260
264,722,688,803,401,331,319,313,455,259,369
265,467,585,624,351,376,291,436,393,416,508
266,529,737,465,214,393,297,319,420,501,263
267,738,431,473,262,231,456,222,452,489,447
268,657,733,480,391,409,325,424,372,343,530
269,462,571,600,203,205,328,263,552,342,400
270,391,406,679,354,352,357,353,522,344,432
271,539,606,682,252,347,248,386,260,601,269
272,492,455,394,420,274,380,404,422,406,526
273,785,360,570,446,383,301,316,485,399,544
274,630,592,494,367,321,366,299,579,506,523
275,647,503,465,332,357,281,416,263,400,554
276,804,673,621,364,388,252,367,444,316,594
277,600,709,451,246,373,371,318,495,326,446
278,450,455,827,305,337,412,435,417,592,410
279,417,828,777,348,453,247,269,498,504,333
280,521,540,711,443,441,217,427,499,411,560
281,693,449,592,404,272,239,258,335,526,444
282,449,554,407,295,246,384,254,496,408,426
283,437,593,823,428,327,438,369,532,296,465
284,768,715,535,417,220,445,303,390,439,374
285,728,577,783,410,358,348,326,502,584,311
286,466,813,736,327,240,356,373,361,535,566
287,805,385,509,384,299,393,243,403,600,579
288,836,523,432,425,338,250,261,318,397,379
289,817,424,767,282,325,236,429,424,303,378
290,481,799,711,242,378,399,272,371,457,305
291,733,750,666,327,437,301,356,566,446,452
292,689,432,558,340,220,259,270,500,336,281
293,422,489,644,254,300,450,293,364,350,373
294,740,540,576,331,204,239,247,593,382,580
295,813,800,367,214,420,304,355,516,587,354
296,569,675,800,397,317,201,307,516,505,380
297,824,715,686,408,371,290,224,306,467,537
298,836,713,384,306,220,420,311,468,537,303
299,583,460,581,306,453,313,247,485,379,288
300,774,513,659,407,354,323,410,517,440,383
301,645,455,839,305,228,312,218,557,291,359
302,829,393,723,239,331,378,375,351,297,399
303,620,699,732,222,250,388,450,391,337,505
304,805,394,515,386,446,413,424,587,418,282
305,665,526,382,309,339,339,406,290,414,419
306,496,472,464,241,374,286,308,456,324,329
307,520,627,819,285,439,241,246,298,286,397
308,374,616,529,240,393,202,313,493,491,443
309,719,715,483,350,249,344,396,337,421,384
310,519,834,436,401,380,369,199,579,525,462
311,432,622,622,332,452,292,365,534,403,440
312,586,459,684,353,233,458,284,535,584,508
313,456,436,678,275,317,255,298,351,390,306
314,771,482,834,289,431,311,299,304,512,465
315,554,813,822,202,285,376,207,298,472,405
316,607,596,569,348,359,443,215,516,489,381
317,741,441,776,408,430,282,238,504,457,318
318,396,616,736,419,204,369,353,308,410,542
319,682,504,839,282,361,373,258,281,270,271
320,453,375,660,253,258,303,239,393,420,457
321,430,467,642,299,390,277,322,551,429,578
322,806,623,730,289,448,384,372,277,294,417
323,693,806,784,271,315,270,400,461,435,399
324,393,495,429,349,421,336,390,347,509,311
325,723,663,621,366,228,335,299,550,396,561
326,475,496,652,251,257,295,237,268,581,545
327,517,556,369,235,202,237,376,409,546,430
328,426,393,416,304,431,206,440,571,494,564
329,634,755,597,242,460,374,367,326,594,429
330,787,804,613,445,306,421,253,397,413,357
331,542,599,677,419,418,360,428,313,292,472
332,792,502,474,338,269,369,255,283,480,270
333,754,766,638,374,353,313,322,277,418,441
334,492,493,442,208,284,321,378,357,584,432
335,813,393,473,425,217,329,280,374,339,392
336,402,518,807,386,282,378,336,306,512,599
337,594,421,428,461,441,323,261,259,336,300
338,459,810,611,268,409,392,243,416,437,528
339,628,735,665,376,226,352,327,424,563,350
340,699,691,491,236,313,225,292,452,555,345
341,733,568,518,278,343,435,391,265,531,523
342,572,525,527,204,457,290,429,488,414,331
343,541,562,385,460,230,423,458,431,522,389
344,793,658,435,431,457,365,340,574,341,309
345,525,522,367,350,408,416,306,278,582,581
346,831,781,611,246,261,371,387,284,336,285
347,598,461,700,440,257,257,327,326,492,569
348,798,663,740,337,279,372,316,600,570,518
349,685,618,723,459,415,445,269,409,472,302
350,726,794,782,235,391,267,294,455,354,428
351,621,743,768,433,336,217,452,335,264,514
352,563,367,746,402,389,267,405,338,420,415
353,456,474,773,262,270,416,345,492,458,369
354,475,660,673,435,210,200,295,278,345,582
355,389,705,513,304,296,407,339,430,395,298
356,498,619,371,324,202,215,435,357,525,337
357,800,498,814,243,281,291,389,309,448,357
358,778,744,588,279,273,292,236,465,465,485
359,547,758,705,308,331,412,227,421,572,315
360,674,389,506,320,259,397,421,261,427,523
361,366,625,666,335,428,384,244,474,368,501
362,407,411,820,254,233,362,442,579,367,395
363,726,629,793,415,416,329,345,402,535,457
364,754,622,495,239,353,425,378,582,290,277
365,368,724,569,455,333,306,398,403,259,270
366,382,382,618,376,330,222,292,349,263,598
367,839,726,379,214,278,329,271,266,270,494
368,501,393,607,341,424,301,461,554,426,470
369,603,449,767,457,283,208,385,578,285,398
370,397,794,773,368,280,254,254,360,510,538
371,435,369,381,239,325,282,279,369,445,482
372,424,527,431,346,436,286,428,392,506,468
373,671,459,457,294,205,259,440,267,495,480
374,633,496,380,259,345,365,318,412,532,419
375,724,837,756,245,306,426,441,440,443,327
376,748,559,546,236,395,283,263,287,371,541
377,387,767,537,385,343,433,371,489,376,278
378,498,454,636,326,422,440,211,552,353,333
379,564,601,439,341,457,410,427,356,522,400
380,545,761,625,249,306,261,417,477,545,580
381,599,517,774,276,305,386,326,354,258,305
382,559,463,384,361,253,226,430,339,480,316
383,683,497,487,411,345,384,414,361,363,305
384,758,556,639,343,454,262,312,560,273,356
385,681,404,808,436,311,254,272,412,512,414
386,744,772,516,273,312,436,248,483,366,577
387,518,815,373,257,402,297,219,567,514,267
388,761,671,568,252,412,359,397,551,544,261
389,579,646,608,340,288,324,220,344,505,556
390,799,790,715,276,227,387,244,368,441,595
391,668,449,627,387,330,299,335,267,542,313
392,761,780,747,440,403,334,394,531,330,530
393,481,834,397,244,243,220,225,271,387,388
394,555,826,718,339,297,294,300,551,573,585
395,536,599,777,207,444,357,331,420,319,430
396,447,545,775,287,453,356,298,549,569,283
397,662,750,503,383,198,252,290,438,332,265
398,400,563,737,311,280,201,278,310,329,333
399,522,706,413,269,198,274,390,544,545,512
400,740,669,574,211,444,284,459,289,456,288
401,623,383,779,436,437,368,331,577,592,379
402,632,552,519,398,334,442,283,510,281,488
403,591,735,678,225,391,441,453,379,477,424
404,544,434,478,459,354,363,224,512,566,310
405,448,740,700,349,269,390,216,520,536,261
406,389,533,592,348,293,256,264,531,449,555
407,420,662,564,341,393,348,380,504,331,264
408,478,807,771,218,340,331,445,559,274,299
409,598,575,740,379,231,312,227,496,383,312
410,774,394,689,325,264,308,307,346,581,463
411,478,402,705,318,385,448,237,262,600,574
412,618,371,671,366,353,307,303,502,342,467
413,651,611,825,288,457,377,278,371,326,574
414,446,667,468,426,447,309,356,414,415,440
415,802,546,799,254,357,246,298,485,547,519
416,535,404,831,330,298,222,199,444,388,482
417,406,538,515,198,276,225,274,506,279,317
418,833,499,616,203,413,240,372,591,556,438
419,521,603,727,415,366,223,359,522,558,282
420,483,786,503,380,394,386,227,279,529,474
421,640,756,508,395,288,225,269,574,263,302
422,709,814,374,318,366,433,380,454,338,519
423,716,676,690,439,226,315,442,285,536,403
424,392,709,822,266,212,412,430,349,537,573
425,787,522,779,230,369,338,351,412,423,490
426,749,534,823,307,227,416,326,471,468,489
427,824,645,787,372,331,356,438,437,312,337
428,698,364,564,245,364,265,307,468,408,571
429,512,605,548,322,404,459,333,531,348,260
430,599,431,509,284,239,292,220,559,268,458
431,603,508,792,283,336,271,414,473,449,386
432,705,729,823,365,338,371,265,348,314,403
433,499,674,479,364,318,310,235,400,383,509
434,409,525,462,292,435,457,352,283,519,408
435,719,704,708,252,262,393,448,561,383,573
436,599,792,733,245,452,455,400,426,497,301
437,379,798,454,287,233,360,400,278,512,336
438,749,573,819,306,251,230,326,456,272,327
439,815,545,784,272,337,391,352,381,436,359
440,649,675,590,267,348,432,240,329,282,581
441,494,584,763,369,335,345,287,392,392,504
442,519,429,479,214,237,281,226,353,533,379
443,457,809,678,297,338,346,353,594,383,384
444,584,667,831,280,357,397,282,305,552,344
445,500,566,533,245,234,391,340,358,431,322
446,485,716,422,441,373,248,438,419,460,361
447,674,651,506,212,249,346,370,349,527,269
448,814,482,377,458,217,270,409,429,564,564
449,694,713,533,367,251,277,323,412,501,343
450,682,474,411,333,277,319,270,403,391,560
451,698,623,472,249,408,347,403,420,530,401
452,475,510,749,380,228,282,433,544,365,529
453,384,798,747,266,269,422,441,404,495,291
454,746,501,814,292,339,256,224,480,550,508
455,434,656,728,447,317,362,355,404,260,497
456,561,799,615,381,225,202,381,420,596,380
457,446,519,460,444,227,447,274,540,488,407
458,371,773,442,362,236,278,343,466,297,446
459,600,447,728,430,392,235,437,480,581,486
460,781,581,630,343,455,244,265,598,417,510
461,594,740,453,437,376,382,210,502,278,329
462,443,496,385,209,225,291,438,333,574,527
463,528,553,542,201,262,244,431,356,295,587
464,571,776,375,334,224,245,380,558,488,568
465,454,715,698,307,372,211,424,295,455,370
466,699,553,681,288,292,260,392,568,281,332
467,666,600,509,288,385,208,277,492,351,446
468,815,830,487,401,337,211,456,346,420,400
469,572,818,665,345,318,236,314,314,391,345
470,471,367,580,309,229,369,226,325,485,294
471,634,631,594,225,316,451,300,564,458,490
472,512,434,597,333,373,276,321,576,413,581
473,445,503,697,345,345,211,249,493,406,455
474,620,464,437,442,301,236,307,279,365,411
475,586,505,687,412,383,416,396,458,502,551
476,623,679,584,438,336,213,221,471,588,295
477,388,547,794,335,431,372,302,432,449,300
478,781,524,560,429,269,263,260,365,453,539
479,759,530,669,198,296,205,437,425,591,593
480,385,783,673,269,288,392,324,342,457,546
481,705,639,371,204,373,342,454,486,276,510
482,813,814,561,300,232,444,330,342,296,566
483,655,696,447,227,335,380,221,316,523,319
484,811,715,676,315,350,459,367,284,304,450
485,409,550,663,403,296,281,367,524,361,324
486,623,420,432,255,283,448,248,398,576,469
487,716,722,800,249,431,222,371,357,585,403
488,418,800,609,220,205,411,428,564,285,372
489,383,687,399,346,285,323,387,413,536,472
490,446,512,538,418,403,262,280,353,323,342
491,809,674,609,321,440,317,425,303,275,269
492,767,620,497,362,360,250,213,433,566,473
493,751,547,652,205,386,349,400,285,505,273
494,810,716,730,379,354,290,336,478,291,393
495,814,368,813,301,409,320,387,590,378,260
496,569,532,439,421,230,356,202,524,570,494
497,531,693,565,283,421,456,229,554,586,423
498,724,439,434,239,287,313,443,557,544,395
499,560,619,798,374,397,449,256,484,316,376
500,576,492,638,270,342,407,224,524,473,372
501,808,444,797,354,394,256,332,342,549,503
502,436,561,521,427,391,439,437,277,515,469
503,416,774,806,386,330,446,379,341,579,293
504,660,831,471,316,227,355,343,449,543,357
505,522,747,828,225,431,226,304,418,315,277
506,627,496,375,326,223,287,207,547,584,396
507,827,747,635,269,369,240,375,351,477,271
508,471,485,505,395,280,321,420,594,411,490
509,624,523,812,370,460,280,286,396,286,400
510,675,515,361,406,327,243,444,583,533,457
511,693,808,656,342,367,236,452,545,404,493
512,788,455,513,298,262,406,305,471,589,539
513,594,385,520,297,291,416,203,305,264,373
514,598,363,502,220,237,241,327,317,467,330
515,437,727,808,222,448,198,274,436,489,445
516,832,389,533,280,411,286,311,600,341,314
517,665,826,597,226,411,373,356,492,484,440
518,477,424,800,340,367,274,327,408,465,483
519,700,752,575,454,457,400,240,481,357,517
520,588,521,710,263,387,455,212,452,372,475
521,765,554,693,413,336,349,299,504,354,374
522,822,647,694,443,345,375,375,543,273,370
523,737,369,408,312,427,457,454,343,577,302
524,513,632,752,238,356,352,426,312,451,418
525,532,545,585,410,411,267,217,332,420,500
526,684,692,617,271,404,411,243,526,342,525
527,551,690,454,444,429,289,354,479,277,323
528,568,527,380,349,296,316,438,285,414,534
529,482,830,710,207,422,445,314,458,332,413
530,682,530,381,247,369,434,339,343,307,573
531,400,610,807,251,373,374,412,356,501,476
532,457,492,438,284,455,304,446,565,261,382
533,726,761,735,399,208,443,429,362,522,443
534,495,672,618,400,385,204,456,538,492,375
535,660,435,370,201,381,281,368,512,388,456
536,636,710,407,334,347,330,362,545,364,324
537,791,410,589,232,443,420,387,419,431,464
538,527,778,813,426,394,315,269,357,292,309
539,578,653,612,266,255,212,396,289,459,341
540,414,389,492,390,292,424,377,321,542,490
541,782,364,390,396,387,199,407,595,521,472
542,543,457,712,445,256,203,346,534,529,425
543,512,781,651,202,351,367,315,541,402,300
544,786,678,714,254,417,214,380,600,334,482
545,555,628,500,293,265,341,200,327,477,443
546,657,366,817,228,306,427,249,593,454,529
547,704,827,730,401,270,417,355,417,424,545
548,599,646,475,321,460,278,348,521,351,258
549,768,723,540,226,415,424,338,403,481,457
550,621,714,835,237,324,234,256,465,511,346
551,766,819,624,224,222,428,350,345,479,373
552,387,623,547,381,319,456,454,506,515,310
553,810,732,736,311,423,332,319,359,281,527
554,458,581,536,255,452,390,276,581,434,351
555,691,471,648,413,362,283,351,591,316,318
556,417,451,772,343,234,453,364,357,512,357
557,704,608,457,356,352,307,427,281,445,558
558,500,700,824,313,200,443,367,529,567,352
559,784,550,665,356,264,300,267,526,351,378
560,400,466,792,324,410,369,274,320,562,312
561,780,410,361,284,223,446,304,382,293,377
562,363,798,635,251,214,316,266,511,402,434
563,789,719,450,233,367,370,385,519,426,429
564,491,600,735,229,284,232,429,261,368,536
565,488,780,452,440,243,426,244,419,330,589
566,611,699,727,285,448,372,278,591,274,426
567,698,734,628,388,220,330,248,347,341,565
568,544,614,543,269,283,367,228,437,327,443
569,727,459,671,214,230,272,381,304,479,513
570,369,502,388,407,356,203,351,439,525,316
571,396,708,531,324,419,220,291,456,284,524
572,504,655,373,366,379,316,408,594,469,569
573,813,793,419,317,435,407,316,510,511,282
574,802,621,637,368,396,247,292,582,426,397
575,527,627,635,437,320,306,378,421,540,530
576,805,448,465,267,247,281,342,311,503,530
577,397,689,435,423,439,209,439,360,321,356
578,671,803,538,447,365,287,246,324,583,401
579,422,743,639,262,452,449,236,495,504,388
580,685,444,686,209,409,417,388,338,407,593
581,608,406,391,458,379,296,459,368,539,588
582,369,443,624,348,454,368,228,599,540,356
583,386,674,718,443,307,442,382,359,285,600
584,596,724,507,248,228,367,253,302,474,319
585,664,475,674,234,238,236,285,353,597,595
586,415,826,676,405,220,248,253,568,474,378
587,656,592,636,325,270,310,355,403,273,459
588,473,617,372,334,363,461,343,601,523,381
589,550,831,474,419,450,272,316,403,402,331
590,728,735,490,236,202,284,277,429,364,519
591,662,369,784,346,437,391,325,361,332,305
592,453,435,410,365,347,205,223,427,527,473
593,557,743,785,296,280,293,353,578,541,556
594,535,518,699,373,246,375,289,448,489,484
595,607,420,682,449,336,389,273,388,351,425
596,521,748,673,370,244,400,384,312,564,298
597,743,657,656,293,331,386,279,460,300,412
598,451,599,824,378,356,389,243,457,544,562
599,722,515,683,228,298,431,235,390,385,355
600,432,801,716,381,208,212,407,512,322,424
601,657,417,448,219,286,312,291,308,322,535
602,693,697,807,260,244,314,202,348,453,341
603,791,419,509,284,204,447,416,473,445,301
604,623,772,431,322,317,198,356,324,544,519
605,678,790,773,272,373,269,264,318,409,383
606,436,729,673,309,426,251,368,372,551,283
607,467,700,577,275,244,203,418,275,509,315
608,792,824,681,277,349,414,452,423,477,473
609,837,454,452,381,430,396,315,262,483,596
610,585,640,505,350,264,395,267,281,341,423
611,581,787,577,260,295,432,220,473,466,306
612,395,467,583,413,211,425,389,272,589,316
613,672,577,646,453,300,290,349,398,547,310
614,460,611,466,240,325,461,436,284,428,395
615,770,795,734,377,228,208,283,554,337,492
616,720,486,556,285,264,306,219,581,415,581
617,783,561,829,387,457,263,257,444,569,393
618,729,646,587,368,218,244,254,545,399,565
619,623,604,367,384,222,282,289,585,273,292
620,431,536,768,245,373,283,426,580,457,482
621,529,378,602,324,244,401,336,428,486,430
622,394,761,642,278,244,253,425,389,515,440
623,530,838,533,402,379,229,316,351,386,331
624,800,618,421,392,420,391,458,401,344,593
625,374,427,793,289,261,318,391,337,504,435
626,562,810,576,327,216,382,434,260,492,506
627,685,671,540,253,241,439,275,263,259,526
628,473,687,362,279,247,284,303,387,431,373
629,825,433,623,434,438,451,404,488,325,530
630,779,382,644,306,409,266,419,585,554,296
631,391,528,631,372,453,237,202,376,308,540
632,688,713,531,353,202,311,287,305,412,264
633,757,575,561,385,379,449,257,504,449,507
634,458,510,448,370,403,448,317,266,308,381
635,729,416,617,423,390,200,386,457,485,332
636,749,553,616,407,330,292,338,513,545,261
637,379,527,452,255,328,391,350,362,546,404
638,656,807,734,234,293,338,456,446,479,270
639,597,759,510,434,407,371,308,535,542,484
640,729,446,810,268,415,240,214,556,491,275
641,724,500,698,336,333,214,456,575,309,304
642,502,510,496,236,427,323,233,519,347,330
643,594,615,480,447,450,223,326,552,386,500
644,711,795,724,459,439,301,262,563,481,519
645,703,831,427,405,325,400,330,597,334,295
646,441,764,639,293,390,452,210,498,406,306
647,551,794,725,386,257,244,222,368,526,413
648,368,434,633,284,266,201,395,482,525,451
649,698,530,711,293,297,395,219,447,286,328
650,483,688,599,370,433,228,298,574,377,520
651,777,797,771,267,252,444,361,498,319,467
652,361,520,454,460,431,277,438,285,576,331
653,808,791,597,283,436,200,372,265,600,495
654,676,480,417,313,385,226,360,379,397,456
655,610,387,498,205,460,244,345,260,540,421
656,731,371,708,202,360,353,367,569,462,395
657,452,361,565,362,299,209,292,335,273,312
658,712,804,664,238,318,344,437,589,458,524
659,623,820,763,239,349,314,394,424,600,530
660,482,680,407,206,361,231,253,259,536,285
661,593,579,822,204,201,431,433,364,337,325
662,430,457,443,377,297,228,454,364,513,293
663,559,704,774,204,367,459,203,439,425,269
664,373,558,395,260,253,387,411,336,479,319
665,386,790,819,232,227,440,458,548,561,293
666,761,814,527,279,370,226,277,503,521,559
667,760,773,748,267,293,273,386,546,454,401
668,666,471,527,236,405,235,431,553,333,447
669,795,604,753,455,461,220,434,486,600,547
670,478,570,773,354,439,406,248,578,472,583
671,642,426,652,452,393,419,369,401,358,513
672,545,421,568,395,247,310,371,506,284,390
673,728,687,375,410,352,274,436,296,385,543
674,537,776,486,453,393,400,273,336,504,430
675,542,517,574,296,274,367,244,392,305,429
676,730,763,760,352,200,400,239,582,351,319
677,465,631,742,360,325,382,252,274,266,553
678,748,761,381,414,439,401,434,297,427,481
679,468,402,418,346,428,243,364,267,331,259
680,449,684,800,338,345,359,406,577,556,351
681,436,674,375,422,421,286,412,294,488,270
682,697,612,434,456,244,381,289,534,570,277
683,547,515,820,238,368,336,322,420,366,417
684,412,796,450,385,356,419,429,484,569,524
685,621,570,837,217,323,282,362,288,548,574
686,613,444,447,305,254,337,437,285,582,408
687,744,393,472,418,295,393,347,531,513,308
688,462,606,574,351,208,277,290,559,516,393
689,449,436,717,364,372,386,221,466,446,319
690,774,633,564,299,303,290,436,455,478,361
691,839,708,613,335,232,200,407,410,591,583
692,667,726,633,382,375,302,350,276,391,497
693,719,792,402,231,360,416,345,505,416,448
694,805,703,645,227,373,413,406,419,601,386
695,369,832,374,277,259,203,272,326,290,584
696,801,499,742,363,199,431,203,267,433,309
697,405,545,450,282,206,319,274,298,593,526
698,603,408,559,325,257,376,411,315,513,575
699,396,671,477,392,259,399,369,434,510,599
700,500,814,433,427,431,263,266,343,284,570
701,822,436,645,349,230,258,348,258,329,409
702,363,647,713,346,310,431,457,288,477,532
703,832,384,651,451,258,440,280,456,344,424
704,552,720,698,317,455,283,461,519,513,527
705,560,464,534,336,233,453,315,512,343,437
706,761,729,568,398,207,336,399,569,289,532
707,755,739,360,376,435,290,333,511,319,456
708,619,413,408,400,328,249,236,559,333,449
709,557,695,566,203,364,423,276,384,498,288
710,802,768,480,225,324,349,280,449,545,598
711,488,642,575,431,394,306,220,285,455,478
712,782,751,379,454,204,450,341,351,384,300
713,801,715,712,414,434,412,436,526,537,422
714,741,375,740,332,261,451,265,293,423,570
715,838,703,758,204,322,212,352,330,551,551
716,397,682,366,407,286,435,255,311,390,424
717,712,427,527,457,411,450,382,472,549,431
718,532,837,737,381,220,419,199,387,500,325
719,636,587,802,337,291,434,365,317,575,542
720,639,410,734,253,226,303,240,390,471,562
721,791,548,573,383,207,373,401,520,553,444
722,787,470,638,407,322,301,367,489,355,345
723,728,792,736,291,244,357,418,321,492,412
724,820,757,436,312,270,359,398,451,325,273
725,552,661,778,202,366,439,300,358,593,381
726,621,731,410,338,275,271,379,567,262,462
727,503,805,566,215,397,363,285,303,409,478
728,546,797,770,395,398,412,319,408,450,269
729,640,645,646,431,280,224,454,537,329,291
730,475,460,532,199,404,281,326,590,518,587
731,798,363,732,202,228,327,442,324,490,440
732,376,577,764,329,310,372,276,310,315,570
733,613,426,487,431,280,333,331,418,409,538
734,472,682,612,352,401,204,359,439,595,399
735,636,568,483,380,284,459,273,513,594,400
736,607,677,562,449,199,273,274,320,553,370
737,797,451,531,393,400,418,423,480,578,302
738,486,422,465,387,377,282,340,551,292,522
739,476,785,592,459,394,213,403,543,307,407
740,373,810,631,387,350,232,235,443,354,488
741,658,583,401,449,403,261,439,529,600,488
742,776,724,429,429,402,327,365,432,324,426
743,744,510,444,289,370,361,299,421,379,486
744,437,514,562,373,410,360,367,359,401,464
745,772,587,436,254,199,354,269,304,541,482
746,677,369,483,334,352,203,395,365,402,346
747,751,606,830,431,458,341,432,380,502,600
748,801,528,363,219,275,258,365,369,421,298
749,383,538,804,210,317,429,258,450,467,535
750,368,466,767,318,335,364,315,441,333,360
751,575,434,627,372,275,381,235,447,405,505
752,476,748,836,236,312,426,458,441,584,362
753,512,542,768,273,382,443,347,567,530,275
754,426,706,548,454,409,219,281,331,290,441
755,657,664,690,354,427,432,232,552,500,339
756,400,789,615,292,214,394,244,280,347,538
757,664,374,415,332,239,252,426,570,569,396
758,788,557,675,281,242,281,323,334,337,262
759,822,692,542,290,261,374,382,443,361,527
760,662,419,675,425,230,355,387,436,455,340
761,602,374,579,214,435,352,223,456,420,263
762,539,451,413,268,294,219,429,387,485,279
763,610,697,472,252,415,331,204,571,420,547
764,700,418,536,410,393,392,387,390,507,509
765,476,578,572,292,439,433,361,312,455,407
766,499,618,652,228,442,238,253,453,388,453
767,756,635,441,312,277,293,332,303,437,529
768,515,438,637,313,427,349,349,595,599,575
769,424,587,457,445,216,272,336,493,485,518
770,626,534,373,246,265,314,356,345,555,267
771,624,674,637,221,268,347,324,457,508,388
772,806,509,745,240,295,399,384,566,305,461
773,826,754,383,423,354,279,214,395,288,304
774,477,634,796,341,450,412,350,558,575,561
775,798,643,535,266,410,209,264,425,419,566
776,823,564,744,375,283,253,201,548,344,580
777,776,702,726,324,343,369,344,475,573,414
778,732,526,477,304,318,289,371,530,478,523
779,780,400,599,322,399,349,209,442,360,381
780,650,390,620,332,426,322,425,324,367,370
781,733,421,662,414,288,218,276,284,330,322
782,415,622,584,437,261,338,277,458,547,484
783,798,430,612,295,274,239,375,308,405,330
784,748,515,376,275,217,203,316,287,386,473
785,661,490,475,274,396,411,370,398,337,559
786,424,624,623,368,225,391,306,272,426,596
787,485,708,498,415,227,348,247,499,470,507
788,566,544,794,417,362,449,367,345,380,383
789,770,737,464,428,357,257,410,431,480,503
790,417,390,471,250,310,260,429,318,583,439
791,725,416,696,343,249,199,408,424,356,359
792,453,670,436,231,410,235,213,419,453,332
793,694,409,545,420,386,281,328,447,294,336
794,821,834,835,444,300,427,199,267,438,411
795,723,747,577,227,274,405,451,334,327,280
796,367,609,424,448,450,433,413,591,342,274
797,704,770,700,201,256,445,347,385,561,304
798,688,708,632,449,259,284,220,321,451,512
799,804,774,522,306,201,459,288,458,491,336
800,838,413,817,324,258,255,317,451,530,412
801,503,732,621,417,200,400,315,440,583,272
802,422,704,500,432,332,389,306,358,342,517
803,770,709,609,452,359,321,232,329,432,523
804,799,706,625,371,251,335,231,391,287,294
805,622,389,482,455,232,361,272,347,600,476
806,659,532,490,410,203,414,391,576,559,508
807,364,588,390,419,421,367,314,595,337,379
808,632,635,732,285,215,332,242,443,523,391
809,404,451,481,258,260,327,257,553,562,501
810,384,421,420,329,457,345,406,292,476,503
811,601,418,669,245,394,322,267,496,600,600
812,719,404,578,294,295,389,424,461,343,406
813,384,641,731,198,408,268,369,384,550,378
814,590,489,706,238,373,241,256,389,324,458
815,396,428,408,307,420,338,404,298,558,287
816,438,565,578,423,407,312,351,421,521,455
817,498,394,836,263,217,396,376,269,475,519
818,744,673,600,216,359,379,286,551,574,378
819,539,534,769,273,305,395,259,376,545,400
820,734,783,513,259,224,249,219,552,288,481
821,579,472,688,350,269,258,365,281,295,347
822,484,603,614,229,328,386,397,416,513,325
823,749,375,376,301,357,323,358,378,322,411
824,374,643,712,256,386,251,455,377,370,404
825,460,393,599,431,340,265,432,501,345,467
826,755,623,569,309,381,329,377,322,275,325
827,366,603,809,398,378,341,404,349,554,572
828,607,407,653,444,406,339,228,565,291,447
829,582,711,569,460,241,412,279,321,262,367
830,422,766,799,216,359,198,199,494,468,600
831,467,825,767,360,357,245,461,272,461,499
832,483,753,759,305,206,339,206,596,566,508
833,655,415,473,429,233,385,239,531,397,437
834,509,791,446,302,368,461,269,543,378,276
835,747,447,470,227,226,408,223,335,262,543
836,362,677,787,202,323,301,304,345,530,454
837,748,647,388,241,453,389,276,385,563,497
838,789,792,835,291,421,234,445,319,400,599
839,380,638,447,219,383,395,389,321,579,499
840,609,533,368,278,381,309,416,270,474,413
841,656,559,614,379,418,340,226,444,396,442
842,547,823,665,326,453,295,384,561,586,384
843,542,433,638,447,208,267,348,439,550,272
844,681,365,533,212,228,414,366,572,470,395
845,439,711,661,397,365,271,349,550,270,532
846,654,638,612,432,310,342,270,445,461,376
847,596,839,751,456,371,268,381,392,441,360
848,595,793,482,440,303,430,268,364,504,471
849,711,418,835,276,372,333,300,425,450,314
850,368,818,449,243,421,426,231,301,467,338
851,636,643,651,377,412,358,283,341,519,430
852,444,626,426,459,332,349,415,355,522,597
853,697,656,786,287,406,300,418,343,446,403
854,839,504,696,393,358,411,438,317,500,365
855,597,666,419,240,431,294,452,547,491,557
856,728,539,636,432,280,321,297,395,390,579
857,757,516,818,329,269,229,241,428,492,259
858,514,455,500,391,270,457,265,490,499,597
859,550,570,560,204,298,428,311,374,294,383
860,770,393,495,288,383,288,317,512,448,285
861,748,506,823,251,388,405,333,576,349,483
862,800,646,650,333,388,252,338,305,577,491
863,538,702,543,375,432,293,236,473,414,535
864,540,450,625,303,307,210,265,601,386,492
865,537,803,634,423,390,360,461,465,495,328
866,481,827,771,418,243,282,461,327,458,357
867,488,450,740,330,275,317,249,304,276,348
868,393,635,820,421,211,301,413,461,385,265
869,437,580,471,207,427,256,397,583,527,297
870,685,397,817,348,382,355,315,271,281,386
871,365,598,476,417,321,342,207,373,498,412
872,655,513,628,437,398,460,415,364,581,290
873,833,506,463,396,352,328,255,288,545,472
874,546,608,539,407,381,396,434,351,579,479
875,522,475,607,308,249,287,204,565,368,476
876,549,743,627,230,384,435,230,297,343,444
877,408,712,476,229,338,409,286,522,578,372
878,534,827,436,352,436,254,409,553,515,358
879,599,541,800,392,252,244,218,461,427,277
880,745,598,719,395,411,357,271,310,355,266
881,631,481,674,453,358,435,413,299,438,366
882,376,700,758,315,315,198,324,301,459,551
883,400,421,378,384,293,355,256,520,490,332
884,710,643,691,360,265,333,439,448,601,438
885,417,735,786,364,233,254,335,341,325,330
886,659,703,453,374,359,398,363,600,268,480
887,796,389,664,448,308,316,276,396,462,601
888,724,712,623,271,326,368,428,364,515,504
889,569,366,608,207,290,215,384,553,477,266
890,410,554,440,287,198,392,348,377,478,517
891,614,838,675,359,309,256,457,567,380,599
892,510,504,374,201,356,387,253,319,581,588
893,438,609,807,397,322,387,220,258,359,568
894,371,697,460,368,421,242,258,260,419,448
895,460,668,649,364,278,308,318,515,258,513
896,820,441,472,300,224,244,250,561,434,390
897,662,597,710,392,439,460,423,292,501,339
898,488,399,785,447,329,221,260,559,533,493
899,547,658,608,248,232,339,268,423,304,469
900,660,648,462,324,244,448,275,294,436,526
901,539,761,584,312,370,230,406,450,340,556
902,765,832,438,416,247,200,207,354,546,315
903,447,451,713,263,277,417,326,303,259,561
904,441,432,519,215,354,410,425,332,378,397
905,822,811,673,424,245,279,459,528,282,454
906,516,516,691,240,230,417,411,317,456,322
907,643,804,683,423,401,330,400,472,348,459
908,796,560,832,389,234,215,319,455,426,469
909,719,401,763,408,221,387,210,352,484,457
910,633,648,454,443,302,376,342,476,274,559
911,537,531,660,356,429,300,450,414,396,467
912,727,692,469,458,433,393,294,272,527,284
913,798,434,772,360,273,207,458,393,409,511
914,430,541,437,398,382,322,219,372,392,280
915,737,762,754,373,247,218,222,299,398,423
916,365,621,380,208,309,364,439,442,325,592
917,744,506,546,309,236,422,323,421,333,600
918,577,677,725,270,346,271,456,583,436,439
919,538,368,635,326,213,287,259,541,548,475
920,629,548,465,332,451,206,233,514,502,438
921,564,699,835,412,302,363,439,582,339,558
922,524,719,726,435,333,273,425,490,420,391
923,722,442,547,439,442,236,412,596,458,371
924,677,587,592,207,405,369,210,462,261,435
925,431,610,780,351,394,281,443,376,567,276
926,423,397,454,253,263,461,217,468,371,549
927,683,743,529,242,410,373,456,599,476,458
928,737,412,383,401,378,241,226,539,498,565
929,670,421,647,350,220,461,201,465,495,543
930,407,623,516,220,421,340,348,566,426,578
931,619,621,447,413,361,333,437,368,357,573
932,735,709,715,441,225,228,341,564,470,417
933,634,455,586,252,407,408,283,482,495,598
934,416,439,676,252,349,223,200,578,315,456
935,646,541,792,402,284,216,427,405,576,493
936,720,390,581,421,365,404,360,419,301,486
937,580,599,813,397,247,223,241,310,597,548
938,548,678,741,213,329,222,257,509,564,447
939,580,819,792,206,268,254,237,481,468,332
940,606,799,809,233,225,419,341,501,308,383
941,698,555,492,234,459,436,445,590,553,403
942,378,597,526,373,454,309,313,508,577,359
943,440,506,718,340,369,221,227,303,324,399
944,617,838,554,347,290,361,453,495,312,485
945,692,758,692,423,330,317,203,284,392,413
946,702,792,518,328,351,425,437,524,501,591
947,461,832,592,265,386,237,425,373,338,332
948,409,733,399,262,333,417,443,509,298,397
949,653,484,528,420,342,332,213,573,521,559
950,492,659,802,330,241,313,384,549,534,552
951,578,791,808,304,256,381,328,522,425,503
952,600,366,571,409,249,224,445,309,502,456
953,374,649,624,445,340,302,400,463,541,318
954,467,568,564,325,217,388,233,344,523,376
955,376,456,488,406,442,238,245,340,492,394
956,477,494,666,364,230,409,205,535,535,550
957,430,649,824,239,294,413,380,557,554,387
958,384,671,699,433,327,204,212,478,436,378
959,578,550,431,452,252,314,310,599,542,430
960,609,527,757,212,394,334,339,465,409,452
961,577,709,733,310,232,447,218,375,410,402
962,744,392,543,276,376,224,402,590,260,278
963,802,645,534,266,264,328,258,377,364,571
964,654,776,480,310,338,204,449,539,535,270
965,649,724,791,325,444,406,431,443,327,294
966,584,709,451,428,364,229,426,452,277,565
967,424,683,715,287,401,361,330,426,310,461
968,782,539,662,264,239,286,287,410,475,510
969,810,385,500,210,364,243,324,554,498,334
970,450,443,797,226,290,348,321,439,274,510
971,669,554,365,207,358,294,421,489,383,536
972,646,472,520,206,292,227,406,269,564,335
973,820,832,657,216,317,447,295,592,527,319
974,570,572,676,253,347,250,289,345,486,322
975,687,370,424,371,349,211,454,351,536,415
976,739,811,363,396,380,344,419,558,510,492
977,460,838,656,334,202,455,291,329,584,505
978,412,568,424,430,204,411,278,531,293,329
979,772,578,736,367,280,409,317,484,408,565
980,612,461,594,258,344,210,286,585,373,306
981,575,395,672,326,390,258,210,307,477,302
982,797,380,508,266,389,389,221,488,268,459
983,775,718,723,300,443,267,275,486,488,509
984,513,693,793,440,340,447,271,350,525,468
985,485,462,420,303,346,308,397,538,295,486
986,627,452,532,297,228,315,379,494,312,322
987,715,814,371,321,334,257,455,326,463,262
988,778,575,760,447,450,252,346,600,550,324
989,649,693,383,270,350,324,343,356,402,449
990,631,706,520,396,421,460,325,441,491,556
991,516,683,613,335,388,201,455,549,488,479
992,608,591,479,297,370,339,369,515,556,543
993,495,605,542,458,332,444,280,428,323,262
994,402,481,523,308,380,272,234,523,387,341
995,810,508,753,380,427,232,343,488,307,445
996,837,643,638,211,268,389,365,549,305,297
997,417,825,360,198,206,279,198,329,341,494
998,835,556,389,270,366,280,283,364,288,587
999,774,546,712,429,355,305,324,478,531,561
1000,462,483,574,264,336,250,459,445,585,471
